3202
0 1
1 0
0 2
2 0
1 2
2 1
1 3
3 1
1 4
4 1
1 5
5 1
1 6
6 1
1 7
7 1
1 8
8 1
1 9
9 1
1 10
10 1
1 11
11 1
1 12
12 1
1 13
13 1
1 14
14 1
1 15
15 1
1 16
16 1
1 17
17 1
1 18
18 1
1 19
19 1
1 20
20 1
1 21
21 1
1 22
22 1
1 23
23 1
1 24
24 1
1 25
25 1
1 26
26 1
1 27
27 1
1 28
28 1
1 29
29 1
1 30
30 1
1 31
31 1
1 32
32 1
1 33
33 1
1 34
34 1
1 35
35 1
1 36
36 1
1 37
37 1
1 38
38 1
1 39
39 1
1 40
40 1
1 41
41 1
1 42
42 1
1 43
43 1
1 44
44 1
1 45
45 1
1 46
46 1
1 47
47 1
1 48
48 1
1 49
49 1
1 50
50 1
1 51
51 1
1 52
52 1
1 53
53 1
1 54
54 1
1 55
55 1
1 56
56 1
1 57
57 1
1 58
58 1
1 59
59 1
1 60
60 1
1 61
61 1
1 62
62 1
1 63
63 1
1 64
64 1
1 65
65 1
1 66
66 1
1 67
67 1
1 68
68 1
1 69
69 1
1 70
70 1
1 71
71 1
1 72
72 1
1 73
73 1
1 74
74 1
1 75
75 1
1 76
76 1
1 77
77 1
1 78
78 1
1 79
79 1
1 80
80 1
1 81
81 1
1 82
82 1
1 83
83 1
1 84
84 1
1 85
85 1
1 86
86 1
2 12
12 2
2 54
54 2
2 65
65 2
2 87
87 2
2 88
88 2
2 89
89 2
2 90
90 2
2 91
91 2
2 92
92 2
3 5
5 3
3 10
10 3
3 15
15 3
3 20
20 3
3 26
26 3
3 35
35 3
3 64
64 3
3 66
66 3
3 76
76 3
3 91
91 3
3 92
92 3
3 93
93 3
3 94
94 3
3 95
95 3
3 96
96 3
3 97
97 3
3 98
98 3
3 99
99 3
3 100
100 3
3 101
101 3
3 102
102 3
3 103
103 3
3 104
104 3
3 105
105 3
3 106
106 3
3 107
107 3
3 108
108 3
3 109
109 3
3 110
110 3
3 111
111 3
3 112
112 3
3 113
113 3
3 114
114 3
3 115
115 3
3 116
116 3
3 117
117 3
3 118
118 3
3 119
119 3
3 120
120 3
3 121
121 3
3 122
122 3
3 123
123 3
3 124
124 3
3 125
125 3
3 126
126 3
3 127
127 3
3 128
128 3
3 129
129 3
3 130
130 3
3 131
131 3
3 132
132 3
3 133
133 3
3 134
134 3
3 135
135 3
3 136
136 3
3 137
137 3
3 138
138 3
3 139
139 3
3 140
140 3
3 141
141 3
3 142
142 3
3 143
143 3
3 144
144 3
4 145
145 4
4 146
146 4
4 147
147 4
4 148
148 4
4 149
149 4
4 150
150 4
4 151
151 4
4 152
152 4
4 153
153 4
4 154
154 4
4 155
155 4
4 156
156 4
5 8
8 5
5 131
131 5
5 157
157 5
5 158
158 5
5 159
159 5
5 160
160 5
5 161
161 5
5 162
162 5
5 163
163 5
5 164
164 5
6 26
26 6
6 107
107 6
6 131
131 6
6 137
137 6
6 165
165 6
6 166
166 6
6 167
167 6
6 168
168 6
6 169
169 6
7 25
25 7
7 78
78 7
7 155
155 7
7 170
170 7
7 171
171 7
7 172
172 7
7 173
173 7
7 174
174 7
7 175
175 7
7 176
176 7
7 177
177 7
7 178
178 7
8 22
22 8
8 56
56 8
8 104
104 8
8 120
120 8
8 131
131 8
8 140
140 8
8 179
179 8
8 180
180 8
9 77
77 9
9 173
173 9
9 176
176 9
9 181
181 9
9 182
182 9
9 183
183 9
9 184
184 9
9 185
185 9
9 186
186 9
9 187
187 9
9 188
188 9
9 189
189 9
10 26
26 10
10 118
118 10
10 131
131 10
10 163
163 10
10 165
165 10
10 190
190 10
10 191
191 10
10 192
192 10
11 71
71 11
11 193
193 11
11 194
194 11
11 195
195 11
11 196
196 11
11 197
197 11
11 198
198 11
11 199
199 11
11 200
200 11
11 201
201 11
11 202
202 11
12 16
16 12
12 57
57 12
12 61
61 12
12 65
65 12
12 79
79 12
12 81
81 12
12 90
90 12
12 91
91 12
12 97
97 12
12 106
106 12
12 114
114 12
12 116
116 12
12 120
120 12
12 123
123 12
12 126
126 12
12 140
140 12
12 163
163 12
12 192
192 12
12 203
203 12
12 204
204 12
12 205
205 12
12 206
206 12
12 207
207 12
12 208
208 12
12 209
209 12
12 210
210 12
12 211
211 12
12 212
212 12
12 213
213 12
12 214
214 12
12 215
215 12
13 173
173 13
13 176
176 13
13 178
178 13
13 197
197 13
13 216
216 13
13 217
217 13
13 218
218 13
13 219
219 13
13 220
220 13
14 32
32 14
14 221
221 14
14 222
222 14
14 223
223 14
14 224
224 14
14 225
225 14
14 226
226 14
14 227
227 14
14 228
228 14
14 229
229 14
14 230
230 14
14 231
231 14
14 232
232 14
15 114
114 15
15 131
131 15
15 132
132 15
15 165
165 15
15 192
192 15
15 233
233 15
15 234
234 15
15 235
235 15
16 19
19 16
16 54
54 16
16 65
65 16
16 131
131 16
16 144
144 16
16 168
168 16
16 179
179 16
16 236
236 16
17 78
78 17
17 86
86 17
17 175
175 17
17 178
178 17
17 197
197 17
17 237
237 17
17 238
238 17
17 239
239 17
17 240
240 17
17 241
241 17
17 242
242 17
17 243
243 17
17 244
244 17
17 245
245 17
17 246
246 17
18 20
20 18
18 65
65 18
18 91
91 18
18 114
114 18
18 137
137 18
18 165
165 18
18 168
168 18
18 203
203 18
18 247
247 18
18 248
248 18
18 249
249 18
19 20
20 19
19 65
65 19
19 74
74 19
19 81
81 19
19 109
109 19
19 113
113 19
19 179
179 19
19 203
203 19
19 233
233 19
19 250
250 19
19 251
251 19
19 252
252 19
19 253
253 19
19 254
254 19
19 255
255 19
19 256
256 19
20 38
38 20
20 39
39 20
20 66
66 20
20 69
69 20
20 100
100 20
20 101
101 20
20 106
106 20
20 115
115 20
20 124
124 20
20 129
129 20
20 141
141 20
20 165
165 20
20 168
168 20
20 179
179 20
20 206
206 20
20 257
257 20
20 258
258 20
20 259
259 20
20 260
260 20
20 261
261 20
20 262
262 20
20 263
263 20
20 264
264 20
20 265
265 20
20 266
266 20
20 267
267 20
20 268
268 20
20 269
269 20
20 270
270 20
20 271
271 20
20 272
272 20
20 273
273 20
20 274
274 20
20 275
275 20
20 276
276 20
20 277
277 20
20 278
278 20
21 26
26 21
21 91
91 21
21 131
131 21
21 144
144 21
21 169
169 21
21 179
179 21
21 190
190 21
21 207
207 21
21 279
279 21
22 26
26 22
22 91
91 22
22 107
107 22
22 108
108 22
22 114
114 22
22 119
119 22
22 120
120 22
22 126
126 22
22 131
131 22
22 132
132 22
22 134
134 22
22 137
137 22
22 143
143 22
22 166
166 22
22 180
180 22
22 213
213 22
22 280
280 22
22 281
281 22
22 282
282 22
22 283
283 22
22 284
284 22
22 285
285 22
23 26
26 23
23 91
91 23
23 107
107 23
23 163
163 23
23 165
165 23
23 169
169 23
23 193
193 23
23 205
205 23
23 235
235 23
23 286
286 23
23 287
287 23
23 288
288 23
24 106
106 24
24 108
108 24
24 119
119 24
24 120
120 24
24 207
207 24
24 213
213 24
24 289
289 24
24 290
290 24
24 291
291 24
24 292
292 24
24 293
293 24
24 294
294 24
24 295
295 24
24 296
296 24
24 297
297 24
24 298
298 24
24 299
299 24
24 300
300 24
24 301
301 24
24 302
302 24
24 303
303 24
24 304
304 24
24 305
305 24
25 50
50 25
25 67
67 25
25 77
77 25
25 155
155 25
25 241
241 25
25 306
306 25
25 307
307 25
25 308
308 25
25 309
309 25
25 310
310 25
25 311
311 25
26 30
30 26
26 56
56 26
26 59
59 26
26 64
64 26
26 66
66 26
26 70
70 26
26 76
76 26
26 82
82 26
26 90
90 26
26 113
113 26
26 131
131 26
26 136
136 26
26 138
138 26
26 166
166 26
26 205
205 26
26 213
213 26
26 259
259 26
26 279
279 26
26 286
286 26
26 288
288 26
26 312
312 26
26 313
313 26
26 314
314 26
26 315
315 26
26 316
316 26
26 317
317 26
26 318
318 26
26 319
319 26
26 320
320 26
27 321
321 27
27 322
322 27
27 323
323 27
27 324
324 27
27 325
325 27
27 326
326 27
27 327
327 27
27 328
328 27
27 329
329 27
28 44
44 28
28 65
65 28
28 115
115 28
28 129
129 28
28 131
131 28
28 137
137 28
28 203
203 28
28 213
213 28
28 330
330 28
29 52
52 29
29 173
173 29
29 183
183 29
29 217
217 29
29 331
331 29
29 332
332 29
29 333
333 29
29 334
334 29
29 335
335 29
29 336
336 29
29 337
337 29
30 91
91 30
30 140
140 30
30 169
169 30
30 338
338 30
30 339
339 30
30 340
340 30
30 341
341 30
30 342
342 30
30 343
343 30
30 344
344 30
30 345
345 30
31 183
183 31
31 195
195 31
31 332
332 31
31 346
346 31
31 347
347 31
31 348
348 31
31 349
349 31
31 350
350 31
31 351
351 31
31 352
352 31
31 353
353 31
31 354
354 31
31 355
355 31
32 47
47 32
32 223
223 32
32 356
356 32
32 357
357 32
32 358
358 32
32 359
359 32
32 360
360 32
32 361
361 32
32 362
362 32
32 363
363 32
32 364
364 32
32 365
365 32
32 366
366 32
32 367
367 32
32 368
368 32
32 369
369 32
32 370
370 32
32 371
371 32
32 372
372 32
32 373
373 32
32 374
374 32
32 375
375 32
32 376
376 32
32 377
377 32
32 378
378 32
32 379
379 32
32 380
380 32
32 381
381 32
32 382
382 32
32 383
383 32
32 384
384 32
32 385
385 32
32 386
386 32
32 387
387 32
33 136
136 33
33 180
180 33
33 388
388 33
33 389
389 33
33 390
390 33
34 391
391 34
34 392
392 34
34 393
393 34
34 394
394 34
34 395
395 34
34 396
396 34
34 397
397 34
34 398
398 34
34 399
399 34
34 400
400 34
35 82
82 35
35 91
91 35
35 115
115 35
35 131
131 35
35 168
168 35
35 203
203 35
35 319
319 35
35 401
401 35
35 402
402 35
35 403
403 35
35 404
404 35
35 405
405 35
35 406
406 35
35 407
407 35
35 408
408 35
36 48
48 36
36 65
65 36
36 111
111 36
36 144
144 36
36 209
209 36
36 233
233 36
36 260
260 36
36 275
275 36
36 409
409 36
36 410
410 36
36 411
411 36
36 412
412 36
36 413
413 36
36 414
414 36
36 415
415 36
37 266
266 37
37 387
387 37
37 416
416 37
37 417
417 37
37 418
418 37
37 419
419 37
37 420
420 37
37 421
421 37
37 422
422 37
37 423
423 37
37 424
424 37
37 425
425 37
37 426
426 37
37 427
427 37
37 428
428 37
37 429
429 37
37 430
430 37
37 431
431 37
37 432
432 37
37 433
433 37
37 434
434 37
37 435
435 37
37 436
436 37
37 437
437 37
37 438
438 37
37 439
439 37
37 440
440 37
37 441
441 37
37 442
442 37
37 443
443 37
37 444
444 37
37 445
445 37
37 446
446 37
37 447
447 37
37 448
448 37
37 449
449 37
37 450
450 37
37 451
451 37
37 452
452 37
37 453
453 37
37 454
454 37
37 455
455 37
37 456
456 37
37 457
457 37
37 458
458 37
37 459
459 37
37 460
460 37
37 461
461 37
37 462
462 37
37 463
463 37
37 464
464 37
37 465
465 37
37 466
466 37
37 467
467 37
38 126
126 38
38 132
132 38
38 142
142 38
38 143
143 38
38 163
163 38
38 179
179 38
38 190
190 38
38 205
205 38
38 213
213 38
38 233
233 38
38 235
235 38
38 274
274 38
38 282
282 38
38 283
283 38
39 65
65 39
39 91
91 39
39 106
106 39
39 168
168 39
39 169
169 39
39 203
203 39
39 233
233 39
40 91
91 40
40 113
113 40
40 119
119 40
40 165
165 40
40 169
169 40
40 213
213 40
40 252
252 40
41 83
83 41
41 187
187 41
42 56
56 42
42 81
81 42
42 111
111 42
42 131
131 42
42 169
169 42
42 210
210 42
43 183
183 43
43 197
197 43
43 217
217 43
43 336
336 43
43 353
353 43
44 92
92 44
44 106
106 44
44 144
144 44
44 203
203 44
44 320
320 44
45 48
48 45
45 49
49 45
46 79
79 46
46 91
91 46
46 109
109 46
46 114
114 46
46 169
169 46
46 190
190 46
46 203
203 46
46 284
284 46
46 340
340 46
46 345
345 46
46 408
408 46
47 176
176 47
47 356
356 47
47 371
371 47
48 117
117 48
48 135
135 48
48 408
408 48
48 410
410 48
49 163
163 49
49 196
196 49
49 200
200 49
49 255
255 49
50 153
153 50
50 182
182 50
50 197
197 50
50 238
238 50
50 241
241 50
50 243
243 50
50 307
307 50
51 73
73 51
51 78
78 51
51 86
86 51
51 173
173 51
51 176
176 51
51 178
178 51
51 216
216 51
51 218
218 51
51 241
241 51
51 245
245 51
52 155
155 52
54 82
82 54
54 111
111 54
54 179
179 54
54 236
236 54
54 259
259 54
54 320
320 54
55 170
170 55
55 197
197 55
55 238
238 55
56 79
79 56
56 92
92 56
56 108
108 56
56 119
119 56
56 120
120 56
56 126
126 56
56 131
131 56
56 163
163 56
56 166
166 56
56 169
169 56
56 180
180 56
56 207
207 56
56 213
213 56
56 279
279 56
56 280
280 56
56 286
286 56
56 292
292 56
57 91
91 57
57 115
115 57
57 129
129 57
57 131
131 57
57 168
168 57
57 215
215 57
57 265
265 57
58 103
103 58
58 129
129 58
58 132
132 58
58 140
140 58
58 190
190 58
58 233
233 58
58 235
235 58
58 249
249 58
58 253
253 58
58 270
270 58
58 282
282 58
59 90
90 59
59 91
91 59
59 113
113 59
59 131
131 59
59 169
169 59
59 213
213 59
59 259
259 59
59 279
279 59
60 132
132 60
61 129
129 61
61 404
404 61
62 219
219 62
62 336
336 62
63 173
173 63
63 175
175 63
63 176
176 63
63 217
217 63
63 455
455 63
64 114
114 64
64 126
126 64
64 131
131 64
64 132
132 64
64 140
140 64
64 165
165 64
64 288
288 64
65 66
66 65
65 69
69 65
65 81
81 65
65 106
106 65
65 107
107 65
65 109
109 65
65 113
113 65
65 118
118 65
65 123
123 65
65 131
131 65
65 132
132 65
65 140
140 65
65 159
159 65
65 163
163 65
65 179
179 65
65 203
203 65
65 213
213 65
65 251
251 65
65 252
252 65
65 255
255 65
65 259
259 65
65 261
261 65
65 280
280 65
65 292
292 65
65 319
319 65
65 320
320 65
65 401
401 65
65 407
407 65
66 115
115 66
66 129
129 66
66 132
132 66
68 120
120 68
68 131
131 68
68 143
143 68
68 163
163 68
68 166
166 68
68 169
169 68
68 206
206 68
69 132
132 69
69 165
165 69
69 167
167 69
69 168
168 69
69 179
179 69
69 203
203 69
70 91
91 70
70 126
126 70
70 131
131 70
70 179
179 70
70 233
233 70
70 317
317 70
70 340
340 70
71 73
73 71
71 170
170 71
71 178
178 71
71 197
197 71
71 217
217 71
71 238
238 71
71 242
242 71
71 353
353 71
72 132
132 72
73 75
75 73
73 86
86 73
73 155
155 73
73 197
197 73
73 217
217 73
74 87
87 74
74 143
143 74
74 196
196 74
74 199
199 74
74 202
202 74
74 203
203 74
75 110
110 75
75 181
181 75
75 216
216 75
75 217
217 75
75 238
238 75
75 241
241 75
75 243
243 75
75 353
353 75
76 107
107 76
76 111
111 76
76 126
126 76
76 131
131 76
76 132
132 76
76 210
210 76
76 284
284 76
76 302
302 76
77 238
238 77
77 243
243 77
77 307
307 77
77 336
336 77
78 83
83 78
78 173
173 78
78 175
175 78
78 238
238 78
78 245
245 78
78 332
332 78
79 91
91 79
79 131
131 79
79 206
206 79
79 313
313 79
80 250
250 80
80 404
404 80
80 407
407 80
80 413
413 80
81 123
123 81
81 140
140 81
81 159
159 81
81 163
163 81
81 210
210 81
81 296
296 81
82 91
91 82
82 92
92 82
82 118
118 82
82 131
131 82
82 179
179 82
82 253
253 82
82 287
287 82
83 170
170 83
83 173
173 83
83 176
176 83
83 181
181 83
83 183
183 83
83 187
187 83
83 197
197 83
83 216
216 83
83 218
218 83
83 220
220 83
83 246
246 83
83 336
336 83
83 346
346 83
83 351
351 83
84 155
155 84
84 178
178 84
85 91
91 85
85 107
107 85
85 140
140 85
85 169
169 85
85 279
279 85
85 340
340 85
85 407
407 85
85 408
408 85
86 183
183 86
86 217
217 86
86 238
238 86
86 353
353 86
87 179
179 87
87 322
322 87
87 330
330 87
90 91
91 90
90 92
92 90
90 107
107 90
90 109
109 90
90 117
117 90
90 131
131 90
90 169
169 90
90 180
180 90
90 258
258 90
90 280
280 90
91 92
92 91
91 94
94 91
91 95
95 91
91 97
97 91
91 98
98 91
91 106
106 91
91 108
108 91
91 113
113 91
91 118
118 91
91 125
125 91
91 126
126 91
91 128
128 91
91 133
133 91
91 134
134 91
91 135
135 91
91 136
136 91
91 137
137 91
91 140
140 91
91 159
159 91
91 168
168 91
91 169
169 91
91 179
179 91
91 213
213 91
91 214
214 91
91 233
233 91
91 250
250 91
91 253
253 91
91 258
258 91
91 259
259 91
91 269
269 91
91 270
270 91
91 273
273 91
91 276
276 91
91 282
282 91
91 283
283 91
91 284
284 91
91 286
286 91
91 290
290 91
91 292
292 91
91 296
296 91
91 302
302 91
91 313
313 91
91 319
319 91
91 320
320 91
91 339
339 91
91 340
340 91
91 345
345 91
91 407
407 91
91 408
408 91
92 100
100 92
92 101
101 92
92 127
127 92
92 159
159 92
92 192
192 92
92 253
253 92
92 258
258 92
92 319
319 92
92 339
339 92
92 345
345 92
93 190
190 93
93 284
284 93
94 118
118 94
94 191
191 94
94 203
203 94
94 282
282 94
96 155
155 96
96 236
236 96
96 308
308 96
97 113
113 97
97 209
209 97
97 215
215 97
97 253
253 97
98 119
119 98
98 132
132 98
98 169
169 98
98 210
210 98
98 213
213 98
98 274
274 98
98 288
288 98
99 274
274 99
99 312
312 99
100 144
144 100
100 167
167 100
101 129
129 101
101 137
137 101
101 179
179 101
101 206
206 101
101 274
274 101
103 274
274 103
104 249
249 104
106 159
159 106
106 213
213 106
106 233
233 106
106 296
296 106
106 345
345 106
107 136
136 107
107 249
249 107
107 250
250 107
107 265
265 107
107 287
287 107
107 296
296 107
107 324
324 107
108 109
109 108
108 249
249 108
108 259
259 108
108 318
318 108
108 320
320 108
109 110
110 109
109 131
131 109
109 135
135 109
109 142
142 109
109 166
166 109
109 190
190 109
109 203
203 109
109 235
235 109
109 253
253 109
109 292
292 109
109 339
339 109
109 401
401 109
110 206
206 110
110 233
233 110
110 258
258 110
111 113
113 111
111 134
134 111
111 235
235 111
111 261
261 111
113 131
131 113
113 142
142 113
113 203
203 113
113 215
215 113
114 129
129 114
114 165
165 114
114 190
190 114
114 209
209 114
114 265
265 114
114 273
273 114
114 279
279 114
115 124
124 115
115 128
128 115
115 141
141 115
115 190
190 115
115 210
210 115
115 251
251 115
115 259
259 115
115 261
261 115
115 276
276 115
116 138
138 116
116 259
259 116
116 320
320 116
116 343
343 116
117 134
134 117
117 143
143 117
117 260
260 117
117 345
345 117
118 135
135 118
118 190
190 118
118 192
192 118
118 250
250 118
118 253
253 118
119 180
180 119
119 249
249 119
119 280
280 119
119 291
291 119
119 320
320 119
119 389
389 119
120 192
192 120
120 206
206 120
120 214
214 120
120 233
233 120
120 259
259 120
120 287
287 120
120 320
320 120
121 215
215 121
122 124
124 122
123 206
206 123
123 233
233 123
123 320
320 123
124 129
129 124
124 250
250 124
125 131
131 125
125 132
132 125
125 141
141 125
125 190
190 125
125 191
191 125
125 233
233 125
125 282
282 125
126 134
134 126
126 143
143 126
126 320
320 126
127 131
131 127
127 190
190 127
127 210
210 127
127 253
253 127
127 408
408 127
128 213
213 128
128 268
268 128
128 274
274 128
128 407
407 128
129 190
190 129
129 206
206 129
129 253
253 129
129 267
267 129
129 269
269 129
129 283
283 129
131 136
136 131
131 159
159 131
131 165
165 131
131 179
179 131
131 190
190 131
131 192
192 131
131 233
233 131
131 250
250 131
131 258
258 131
131 259
259 131
131 267
267 131
131 270
270 131
131 273
273 131
131 279
279 131
131 285
285 131
131 287
287 131
131 290
290 131
131 291
291 131
131 296
296 131
131 313
313 131
131 315
315 131
131 316
316 131
131 317
317 131
131 340
340 131
131 407
407 131
131 408
408 131
132 134
134 132
132 138
138 132
132 168
168 132
132 233
233 132
132 235
235 132
132 249
249 132
132 258
258 132
132 267
267 132
132 268
268 132
132 269
269 132
132 320
320 132
132 408
408 132
133 213
213 133
133 407
407 133
134 142
142 134
134 143
143 134
134 180
180 134
134 205
205 134
134 210
210 134
134 279
279 134
134 280
280 134
134 282
282 134
134 284
284 134
134 286
286 134
135 190
190 135
135 203
203 135
135 253
253 135
136 192
192 136
136 213
213 136
136 233
233 136
136 282
282 136
137 235
235 137
137 251
251 137
137 276
276 137
137 302
302 137
138 225
225 138
138 250
250 138
140 179
179 140
140 210
210 140
140 233
233 140
140 343
343 140
141 190
190 141
141 233
233 141
141 235
235 141
141 258
258 141
141 265
265 141
141 275
275 141
142 169
169 142
142 233
233 142
142 320
320 142
142 401
401 142
143 233
233 143
143 249
249 143
143 258
258 143
143 302
302 143
144 209
209 144
144 268
268 144
144 270
270 144
144 316
316 144
144 339
339 144
144 401
401 144
146 311
311 146
147 148
148 147
147 152
152 147
150 151
151 150
151 156
156 151
151 199
199 151
151 265
265 151
151 330
330 151
153 154
154 153
153 155
155 153
153 187
187 153
154 156
156 154
154 308
308 154
155 220
220 155
155 308
308 155
155 310
310 155
156 308
308 156
156 434
434 156
159 168
168 159
159 169
169 159
159 407
407 159
163 165
165 163
163 179
179 163
163 233
233 163
163 296
296 163
163 317
317 163
163 320
320 163
165 167
167 165
165 169
169 165
165 192
192 165
165 282
282 165
165 313
313 165
166 206
206 166
166 233
233 166
166 280
280 166
166 288
288 166
167 224
224 167
167 282
282 167
167 320
320 167
168 190
190 168
168 210
210 168
168 215
215 168
168 250
250 168
168 302
302 168
168 316
316 168
169 192
192 169
169 233
233 169
169 235
235 169
169 288
288 169
169 290
290 169
169 313
313 169
169 319
319 169
169 320
320 169
169 401
401 169
170 173
173 170
170 175
175 170
170 176
176 170
170 178
178 170
170 218
218 170
170 242
242 170
170 245
245 170
170 336
336 170
170 353
353 170
171 175
175 171
171 183
183 171
171 216
216 171
171 354
354 171
173 178
178 173
173 186
186 173
173 246
246 173
175 217
217 175
176 178
178 176
176 186
186 176
178 183
183 178
178 187
187 178
178 240
240 178
178 245
245 178
179 180
180 179
179 190
190 179
179 206
206 179
179 210
210 179
179 274
274 179
179 290
290 179
180 280
280 180
180 286
286 180
180 287
287 180
180 313
313 180
180 318
318 180
182 348
348 182
183 186
186 183
183 217
217 183
184 187
187 184
186 336
336 186
186 348
348 186
187 189
189 187
187 218
218 187
187 308
308 187
190 210
210 190
190 233
233 190
190 235
235 190
190 253
253 190
190 258
258 190
190 263
263 190
190 264
264 190
190 267
267 190
190 269
269 190
190 275
275 190
190 290
290 190
190 316
316 190
190 320
320 190
190 401
401 190
191 312
312 191
193 199
199 193
193 202
202 193
196 202
202 196
197 217
217 197
199 202
202 199
203 206
206 203
203 210
210 203
203 233
233 203
203 249
249 203
203 276
276 203
203 320
320 203
203 405
405 203
205 233
233 205
205 249
249 205
205 258
258 205
205 288
288 205
205 320
320 205
205 401
401 205
206 207
207 206
206 213
213 206
206 264
264 206
206 274
274 206
207 254
254 207
207 288
288 207
209 236
236 209
209 258
258 209
209 274
274 209
210 214
214 210
210 233
233 210
210 251
251 210
210 265
265 210
210 268
268 210
210 296
296 210
210 339
339 210
212 251
251 212
212 273
273 212
213 233
233 213
213 249
249 213
213 251
251 213
213 274
274 213
213 276
276 213
213 290
290 213
213 296
296 213
213 319
319 213
213 320
320 213
214 273
273 214
214 340
340 214
214 345
345 214
214 406
406 214
216 348
348 216
217 238
238 217
217 240
240 217
217 336
336 217
217 353
353 217
218 346
346 218
219 451
451 219
220 240
240 220
220 242
242 220
222 229
229 222
223 357
357 223
223 376
376 223
224 357
357 224
224 371
371 224
226 227
227 226
226 230
230 226
227 228
228 227
233 252
252 233
233 265
265 233
233 292
292 233
234 313
313 234
235 251
251 235
235 259
259 235
235 264
264 235
235 267
267 235
235 269
269 235
235 270
270 235
235 276
276 235
235 313
313 235
235 319
319 235
235 339
339 235
236 258
258 236
236 268
268 236
236 316
316 236
236 410
410 236
237 348
348 237
238 243
243 238
238 245
245 238
239 244
244 239
241 348
348 241
242 243
243 242
249 275
275 249
249 282
282 249
249 283
283 249
249 284
284 249
249 292
292 249
250 320
320 250
250 413
413 250
251 290
290 251
251 330
330 251
252 313
313 252
252 407
407 252
253 274
274 253
253 407
407 253
258 282
282 258
258 284
284 258
259 292
292 259
259 407
407 259
263 271
271 263
263 272
272 263
263 277
277 263
264 274
274 264
265 268
268 265
265 339
339 265
265 380
380 265
265 401
401 265
266 419
419 266
266 447
447 266
266 448
448 266
266 452
452 266
266 457
457 266
267 274
274 267
267 343
343 267
269 274
274 269
273 345
345 273
275 407
407 275
275 408
408 275
279 302
302 279
279 315
315 279
280 286
286 280
282 320
320 282
283 320
320 283
286 288
288 286
287 292
292 287
291 299
299 291
291 303
303 291
292 320
320 292
302 389
389 302
306 352
352 306
307 308
308 307
307 311
311 307
307 380
380 307
308 310
310 308
310 311
311 310
316 408
408 316
318 389
389 318
322 324
324 322
324 327
327 324
325 326
326 325
338 341
341 338
340 345
345 340
341 342
342 341
341 344
344 341
343 345
345 343
347 349
349 347
348 432
432 348
360 385
385 360
373 381
381 373
373 387
387 373
374 380
380 374
377 381
381 377
387 432
432 387
391 396
396 391
393 394
394 393
393 399
399 393
393 400
400 393
394 396
396 394
394 399
399 394
399 400
400 399
406 407
407 406
407 408
408 407
408 410
410 408
409 414
414 409
414 415
415 414
416 420
420 416
416 432
432 416
416 442
442 416
416 446
446 416
416 453
453 416
416 458
458 416
416 459
459 416
417 432
432 417
417 442
442 417
417 451
451 417
418 432
432 418
419 457
457 419
421 436
436 421
422 432
432 422
423 432
432 423
426 441
441 426
432 442
442 432
432 444
444 432
432 450
450 432
432 462
462 432
433 449
449 433
434 454
454 434
436 443
443 436
436 444
444 436
436 453
453 436
436 466
466 436
437 452
452 437
445 455
455 445
